4	5	37
4	6	36
4	7	25
4	3	290
6	8	18
5	2	61
5	1	63
7	10	39
10	11	34
11	12	26
12	13	13
13	14	5
9	8	19
9	10	33
9	15	74
15	16	32
16	17	54
17	14	22
16	18	57
16	19	54
19	18	38
19	20	71
19	21	106
19	22	128
22	21	66
21	20	48
22	23	77
23	24	36
24	25	116
26	25	17
18	26	37
22	27	89
27	28	82	
28	29	38	
29	30	35
30	31	9	
31	32	67
32	33	71	
22	34	45	
34	35	90	
35	28	49


33	36	8
37	36	30	
38	36	20	
39	40	20	
39	38	25
40	41	64
41	42	21
42	43	15
44	42	19	
44	45	70
45	46	10
47	46	34	
48	47	60
21	48	57	
49	21	160
49	22	75
49	50	79
50	51	15
37	51	96	
52	53	18	
53	20	13
52	54	50
54	55	9
56	55	49	
57	56	45
57	1	110
57	58	55
58	59	17
59	60	55
60	62	90
62	63	38
63	5	122


	

