Number of nodes (Starting Count) : 1000
Number of nodes (Ending Count)   : 2000
Step Value for Node Increment    : 100

NodeCnt   EdgeCnt   Arc Pre Time             Arc Rt    Arc VVC             Dijk Rt   Dijk VVC            
1000      6000      4.02                     0.001     17                  0.003     376                 
1100      9900      6.47                     0.005     23                  0.002     559                 
1200      9600      7.97                     0.002     27                  0.003     500                 
1300      10400     8.96                     0.005     29                  0.002     720                 
1400      7000      8.48                     0.005     28                  0.003     653                 
1500      13500     13.2                     0.003     36                  0.007     874                 
1600      16000     17.8                     0.005     26                  0.006     886                 
1700      13600     17.8                     0.006     42                  0.006     1051                
1800      9000      15.3                     0.003     48                  0.007     1105                
1900      13300     20.4                     0.005     46                  0.006     807                 
2000      20000     29.3                     0.006     42                  0.006     743                 

