Number of nodes (Starting Count) : 1000
Number of nodes (Ending Count)   : 2000
Step Value for Node Increment    : 100

NodeCnt   EdgeCnt   Arc Pre Time             Arc Rt    Arc VVC             Dijk Rt   Dijk VVC            
1000      8000      4.01                     0.004     77                  0.001     607                 
1100      8800      5.09                     0.004     82                  0.002     624                 
1200      6000      4.57                     1.14e-07  83                  0.005     687                 
1300      9100      6.85                     0.003     81                  0.003     656                 
1400      9800      8.11                     3.66e-07  80                  0.007     864                 
1500      10500     9.48                     0.003     73                  0.003     525                 
1600      11200     11                       0.002     92                  0.005     599                 
1700      8500      10.4                     0.002     114                 0.005     912                 
1800      12600     14.2                     0.004     86                  0.004     810                 
1900      11400     15                       0.004     99                  0.005     895                 
2000      14000     18.2                     0.004     91                  0.005     1073        
